
1.0,197.999999999999999969,2.000000000000000031
2.0,195.999999999999999939,4.000000000000000061
3.0,193.999999999999999913,6.000000000000000087
4.0,191.999999999999999884,8.000000000000000116
5.0,189.999999999999999856,10.000000000000000144
6.0,187.999999999999999837,12.000000000000000163
7.0,185.999999999999999813,14.000000000000000187
8.0,183.999999999999999787,16.000000000000000213
9.0,181.999999999999999763,18.000000000000000237
10.0,179.999999999999999737,20.000000000000000263
11.0,177.999999999999999713,22.000000000000000287
12.0,175.999999999999999696,24.000000000000000304
13.0,173.999999999999999673,26.000000000000000327
14.0,171.999999999999999666,28.000000000000000334
15.0,169.999999999999999664,30.000000000000000336
16.0,167.999999999999999642,32.000000000000000358
17.0,165.999999999999999652,34.000000000000000348
18.0,163.999999999999999653,36.000000000000000347
19.0,161.999999999999999636,38.000000000000000364
20.0,159.999999999999999617,40.000000000000000383
21.0,157.9999999999999996,42.0000000000000004
22.0,155.999999999999999607,44.000000000000000393
23.0,153.999999999999999609,46.000000000000000391
24.0,151.999999999999999626,48.000000000000000374
25.0,149.999999999999999611,50.000000000000000389
26.0,147.999999999999999625,52.000000000000000375
27.0,145.999999999999999613,54.000000000000000387
28.0,143.999999999999999616,56.000000000000000384
29.0,141.999999999999999613,58.000000000000000387
30.0,139.999999999999999621,60.000000000000000379
31.0,137.999999999999999625,62.000000000000000375
32.0,135.999999999999999613,64.000000000000000387
33.0,133.999999999999999604,66.000000000000000396
34.0,131.999999999999999658,68.000000000000000342
35.0,129.999999999999999679,70.000000000000000321
36.0,127.999999999999999728,72.000000000000000272
37.0,125.999999999999999723,74.000000000000000277
38.0,123.999999999999999757,76.000000000000000243
39.0,121.999999999999999753,78.000000000000000247
40.0,119.999999999999999747,80.000000000000000253
41.0,117.999999999999999774,82.000000000000000226
42.0,115.999999999999999814,84.000000000000000186
43.0,113.999999999999999818,86.000000000000000182
44.0,111.999999999999999839,88.000000000000000161
45.0,109.999999999999999856,90.000000000000000144
46.0,107.999999999999999919,92.000000000000000081
47.0,105.999999999999999924,94.000000000000000076
48.0,103.999999999999999956,96.000000000000000044
49.0,102.0,98.0
50.0,100.0,100.0
51.0,98.0,102.0
52.0,96.078431372549019702,103.921568627450980298
53.0,94.230769230769230936,105.769230769230769064
54.0,92.452830188679245522,107.547169811320754478
55.0,90.740740740740741024,109.259259259259258976
56.0,89.090909090909091262,110.909090909090908738
57.0,87.50000000000000036,112.49999999999999964
58.0,85.964912280701754742,114.035087719298245258
59.0,84.482758620689655573,115.517241379310344427
60.0,83.050847457627119068,116.949152542372880932
61.0,81.666666666666667139,118.333333333333332861
62.0,80.327868852459016913,119.672131147540983087
63.0,79.032258064516129554,120.967741935483870446
64.0,77.777777777777778293,122.222222222222221707
65.0,76.562500000000000508,123.437499999999999492
66.0,75.384615384615385163,124.615384615384614837
67.0,74.242424242424243003,125.757575757575756997
68.0,73.13432835820895581,126.86567164179104419
69.0,72.058823529411765318,127.941176470588234682
70.0,71.014492753623189067,128.985507246376810933
71.0,70.000000000000000703,129.999999999999999297
72.0,69.014084507042254224,130.985915492957745776
73.0,68.055555555555556311,131.944444444444443689
74.0,67.123287671232877483,132.876712328767122517
75.0,66.216216216216217011,133.783783783783782989
76.0,65.33333333333333414,134.66666666666666586
77.0,64.473684210526316603,135.526315789473683397
78.0,63.636363636363637168,136.363636363636362832
79.0,62.82051282051282134,137.17948717948717866
80.0,62.025316455696203401,137.974683544303796599
81.0,61.250000000000000859,138.749999999999999141
82.0,60.49382716049382801,139.50617283950617199
83.0,59.756097560975610608,140.243902439024389392
84.0,59.036144578313253875,140.963855421686746125
85.0,58.333333333333334231,141.666666666666665769
86.0,57.647058823529412663,142.352941176470587337
87.0,56.976744186046512519,143.023255813953487481
88.0,56.321839080459771019,143.678160919540228981
89.0,55.681818181818182748,144.318181818181817252
90.0,55.056179775280899812,144.943820224719100188
91.0,54.444444444444445376,145.555555555555554624
92.0,53.846153846153847076,146.153846153846152924
93.0,53.260869565217392236,146.739130434782607764
94.0,52.68817204301075365,147.31182795698924635
95.0,52.127659574468086087,147.872340425531913913
96.0,51.578947368421053613,148.421052631578946387
97.0,51.041666666666667673,148.958333333333332327
98.0,50.515463917525774239,149.484536082474225761
99.0,50.000000000000001044,149.999999999999998956
100.0,49.494949494949495984,150.505050505050504016
101.0,49.000000000000001025,150.999999999999998975
102.0,48.514851485148515915,151.485148514851484085
103.0,48.039215686274510905,151.960784313725489095
104.0,47.572815533980583659,152.427184466019416341
105.0,47.115384615384616527,152.884615384615383473
106.0,46.666666666666667837,153.333333333333332163
107.0,46.22641509433962382,153.77358490566037618
108.0,45.794392523364487172,154.205607476635512828
109.0,45.370370370370371562,154.629629629629628438
110.0,44.954128440366973685,155.045871559633026315
111.0,44.545454545454546693,155.454545454545453307
112.0,44.144144144144145372,155.855855855855854628
113.0,43.750000000000001243,156.249999999999998757
114.0,43.362831858407080914,156.637168141592919086
115.0,42.982456140350878472,157.017543859649121528
116.0,42.608695652173914332,157.391304347826085668
117.0,42.241379310344828898,157.758620689655171102
118.0,41.880341880341881643,158.119658119658118357
119.0,41.525423728813560641,158.474576271186439359
120.0,41.176470588235295431,158.823529411764704569
121.0,40.83333333333333465,159.16666666666666535
122.0,40.495867768595042644,159.504132231404957356
123.0,40.163934426229509542,159.836065573770490458
124.0,39.837398373983741177,160.162601626016258823
125.0,39.516129032258065848,160.483870967741934152
126.0,39.200000000000001322,160.799999999999998678
127.0,38.888888888888890221,161.111111111111109779
128.0,38.582677165354332033,161.417322834645667967
129.0,38.281250000000001314,161.718749999999998686
130.0,37.984496124031009057,162.015503875968990943
131.0,37.692307692307693615,162.307692307692306385
132.0,37.40458015267175706,162.59541984732824294
133.0,37.121212121212122566,162.878787878787877434
134.0,36.842105263157896081,163.157894736842103919
135.0,36.56716417910447895,163.43283582089552105
136.0,36.29629629629629764,163.70370370370370236
137.0,36.029411764705883696,163.970588235294116304
138.0,35.766423357664234937,164.233576642335765063
139.0,35.507246376811595586,164.492753623188404414
140.0,35.251798561151080537,164.748201438848919463
141.0,35.000000000000001421,164.999999999999998579
142.0,34.751773049645391506,165.248226950354608494
143.0,34.507042253521128206,165.492957746478871794
144.0,34.26573426573426717,165.73426573426573283
145.0,34.027777777777779219,165.972222222222220781
146.0,33.793103448275863502,166.206896551724136498
147.0,33.561643835616439803,166.438356164383560197
148.0,33.333333333333334776,166.666666666666665224
149.0,33.108108108108109567,166.891891891891890433
150.0,32.885906040268457837,167.114093959731542163
151.0,32.666666666666668141,167.333333333333331859
152.0,32.450331125827816058,167.549668874172183942
153.0,32.236842105263159394,167.763157894736840606
154.0,32.026143790849674714,167.973856209150325286
155.0,31.8181818181818197,168.1818181818181803
156.0,31.612903225806453136,168.387096774193546864
157.0,31.410256410256411778,168.589743589743588222
158.0,31.210191082802549305,168.789808917197450695
159.0,31.012658227848102819,168.987341772151897181
160.0,30.817610062893083334,169.182389937106916666
161.0,30.625000000000001564,169.374999999999998436
162.0,30.434782608695653744,169.565217391304346256
163.0,30.246913580246915157,169.753086419753084843
164.0,30.061349693251535317,169.938650306748464683
165.0,29.878048780487806447,170.121951219512193553
166.0,29.696969696969698548,170.303030303030301452
167.0,29.518072289156628095,170.481927710843371905
168.0,29.341317365269462669,170.658682634730537331
169.0,29.16666666666666826,170.83333333333333174
170.0,28.994082840236687989,171.005917159763312011
171.0,28.823529411764707489,171.176470588235292511
172.0,28.654970760233919727,171.345029239766080273
173.0,28.488372093023257404,171.511627906976742596
174.0,28.323699421965319516,171.676300578034680484
175.0,28.160919540229886651,171.839080459770113349
176.0,28.000000000000001593,171.999999999999998407
177.0,27.840909090909092516,172.159090909090907484
178.0,27.683615819209041168,172.316384180790958832
179.0,27.528089887640451067,172.471910112359548933
180.0,27.374301675977655271,172.625698324022344729
181.0,27.222222222222223869,172.777777777777776131
182.0,27.071823204419891159,172.928176795580108841
183.0,26.923076923076924738,173.076923076923075262
184.0,26.775956284153007141,173.224043715846992859
185.0,26.630434782608697325,173.369565217391302675
186.0,26.486486486486488162,173.513513513513511838
187.0,26.344086021505378021,173.655913978494621979
188.0,26.203208556149734303,173.796791443850265697
189.0,26.063829787234044247,173.936170212765955753
190.0,25.925925925925927611,174.074074074074072389
191.0,25.789473684210527995,174.210526315789472005
192.0,25.654450261780106401,174.345549738219893599
193.0,25.520833333333335023,174.479166666666664977
194.0,25.388601036269431742,174.611398963730568258
195.0,25.257731958762888304,174.742268041237111696
196.0,25.128205128205129908,174.871794871794870092
197.0,25.00000000000000171,174.99999999999999829
198.0,24.873096446700509327,175.126903553299490673
199.0,24.747474747474749192,175.252525252525250808
200.0,24.623115577889448958,175.376884422110551042
201.0,24.500000000000001714,175.499999999999998286
202.0,24.378109452736320132,175.621890547263679868
203.0,24.257425742574259154,175.742574257425740846
204.0,24.137931034482760352,175.862068965517239648
205.0,24.019607843137256637,175.980392156862743363
206.0,23.902439024390245651,176.097560975609754349
207.0,23.786407766990293025,176.213592233009706975
208.0,23.671497584541064563,176.328502415458935437
209.0,23.557692307692309462,176.442307692307690538
210.0,23.444976076555025685,176.555023923444974315
211.0,23.333333333333335108,176.666666666666664892
212.0,23.22274881516587855,176.77725118483412145
213.0,23.113207547169813102,176.886792452830186898
214.0,23.004694835680752963,176.995305164319247037
215.0,22.897196261682244778,177.102803738317755222
216.0,22.79069767441860644,177.20930232558139356
217.0,22.685185185185186981,177.314814814814813019
218.0,22.58064516129032437,177.41935483870967563
219.0,22.477064220183488027,177.522935779816511973
220.0,22.374429223744294029,177.625570776255705971
221.0,22.272727272727274521,177.727272727272725479
222.0,22.171945701357467856,177.828054298642532144
223.0,22.072072072072073868,177.927927927927926132
224.0,21.973094170403589233,178.026905829596410767
225.0,21.875000000000001788,178.124999999999998212
226.0,21.777777777777779568,178.222222222222220432
227.0,21.681415929203541625,178.318584070796458375
228.0,21.585903083700442341,178.414096916299557659
229.0,21.491228070175440418,178.508771929824559582
230.0,21.39737991266375729,178.60262008733624271
231.0,21.304347826086958362,178.695652173913041638
232.0,21.212121212121213954,178.787878787878786046
233.0,21.120689655172415638,178.879310344827584362
234.0,21.030042918454937476,178.969957081545062524
235.0,20.940170940170942028,179.059829059829057972
236.0,20.851063829787235897,179.148936170212764103
237.0,20.762711864406781515,179.237288135593218485
238.0,20.675105485232069377,179.324894514767930623
239.0,20.58823529411764893,179.41176470588235107
240.0,20.502092050209206902,179.497907949790793098
241.0,20.416666666666668554,179.583333333333331446
242.0,20.331950207468881565,179.668049792531118435
243.0,20.247933884297522565,179.752066115702477435
244.0,20.164609053497944297,179.835390946502055703
245.0,20.08196721311475602,179.91803278688524398
246.0,20.000000000000001924,179.999999999999998076
247.0,19.918699186991871837,180.081300813008128163
248.0,19.838056680161945231,180.161943319838054769
249.0,19.758064516129034163,180.241935483870965837
250.0,19.678714859437752911,180.321285140562247089