
1.0,297.999999999999999969,2.000000000000000031
2.0,295.999999999999999939,4.000000000000000061
3.0,293.999999999999999913,6.000000000000000087
4.0,291.999999999999999884,8.000000000000000116
5.0,289.999999999999999856,10.000000000000000144
6.0,287.999999999999999837,12.000000000000000163
7.0,285.999999999999999813,14.000000000000000187
8.0,283.999999999999999787,16.000000000000000213
9.0,281.999999999999999763,18.000000000000000237
10.0,279.999999999999999737,20.000000000000000263
11.0,277.999999999999999713,22.000000000000000287
12.0,275.999999999999999696,24.000000000000000304
13.0,273.999999999999999673,26.000000000000000327
14.0,271.999999999999999666,28.000000000000000334
15.0,269.999999999999999664,30.000000000000000336
16.0,267.999999999999999642,32.000000000000000358
17.0,265.999999999999999652,34.000000000000000348
18.0,263.999999999999999653,36.000000000000000347
19.0,261.999999999999999636,38.000000000000000364
20.0,259.999999999999999617,40.000000000000000383
21.0,257.9999999999999996,42.0000000000000004
22.0,255.999999999999999607,44.000000000000000393
23.0,253.999999999999999609,46.000000000000000391
24.0,251.999999999999999626,48.000000000000000374
25.0,249.999999999999999611,50.000000000000000389
26.0,247.999999999999999625,52.000000000000000375
27.0,245.999999999999999613,54.000000000000000387
28.0,243.999999999999999616,56.000000000000000384
29.0,241.999999999999999613,58.000000000000000387
30.0,239.999999999999999621,60.000000000000000379
31.0,237.999999999999999625,62.000000000000000375
32.0,235.999999999999999613,64.000000000000000387
33.0,233.999999999999999604,66.000000000000000396
34.0,231.999999999999999658,68.000000000000000342
35.0,229.999999999999999679,70.000000000000000321
36.0,227.999999999999999728,72.000000000000000272
37.0,225.999999999999999723,74.000000000000000277
38.0,223.999999999999999757,76.000000000000000243
39.0,221.999999999999999753,78.000000000000000247
40.0,219.999999999999999747,80.000000000000000253
41.0,217.999999999999999774,82.000000000000000226
42.0,215.999999999999999814,84.000000000000000186
43.0,213.999999999999999818,86.000000000000000182
44.0,211.999999999999999839,88.000000000000000161
45.0,209.999999999999999856,90.000000000000000144
46.0,207.999999999999999919,92.000000000000000081
47.0,205.999999999999999924,94.000000000000000076
48.0,203.999999999999999956,96.000000000000000044
49.0,202.0,98.0
50.0,200.0,100.0
51.0,198.0,102.0
52.0,196.000000000000000098,103.999999999999999902
53.0,194.00000000000000018,105.99999999999999982
54.0,192.000000000000000268,107.999999999999999732
55.0,190.000000000000000329,109.999999999999999671
56.0,188.000000000000000425,111.999999999999999575
57.0,186.000000000000000449,113.999999999999999551
58.0,184.000000000000000459,115.999999999999999541
59.0,182.000000000000000535,117.999999999999999465
60.0,180.000000000000000587,119.999999999999999413
61.0,178.000000000000000677,121.999999999999999323
62.0,176.000000000000000771,123.999999999999999229
63.0,174.0000000000000008,125.9999999999999992
64.0,172.000000000000000815,127.999999999999999185
65.0,170.000000000000000828,129.999999999999999172
66.0,168.000000000000000921,131.999999999999999079
67.0,166.000000000000001003,133.999999999999998997
68.0,164.000000000000001046,135.999999999999998954
69.0,162.000000000000001126,137.999999999999998874
70.0,160.000000000000001253,139.999999999999998747
71.0,158.000000000000001371,141.999999999999998629
72.0,156.000000000000001409,143.999999999999998591
73.0,154.000000000000001557,145.999999999999998443
74.0,152.000000000000001633,147.999999999999998367
75.0,150.000000000000001732,149.999999999999998268
76.0,148.000000000000001806,151.999999999999998194
77.0,146.052631578947370243,153.947368421052629757
78.0,144.155844155844157645,155.844155844155842355
79.0,142.307692307692309544,157.692307692307690456
80.0,140.506329113924052579,159.493670886075947421
81.0,138.750000000000001922,161.249999999999998078
82.0,137.037037037037038938,162.962962962962961062
83.0,135.365853658536587271,164.634146341463412729
84.0,133.734939759036146508,166.265060240963853492
85.0,132.142857142857144866,167.857142857142855134
86.0,130.588235294117649068,169.411764705882350932
87.0,129.069767441860467109,170.930232558139532891
88.0,127.586206896551726159,172.413793103448273841
89.0,126.136363636363638443,173.863636363636361557
90.0,124.71910112359550771,175.28089887640449229
91.0,123.333333333333335416,176.666666666666664584
92.0,121.978021978021980084,178.021978021978019916
93.0,120.652173913043480343,179.347826086956519657
94.0,119.354838709677421506,180.645161290322578494
95.0,118.085106382978725597,181.914893617021274403
96.0,116.842105263157896932,183.157894736842103068
97.0,115.625000000000002251,184.374999999999997749
98.0,114.432989690721651819,185.567010309278348181
99.0,113.265306122448981929,186.734693877551018071
100.0,112.121212121212123527,187.878787878787876473
101.0,111.000000000000002292,188.999999999999997708
102.0,109.90099009900990337,190.09900990099009663
103.0,108.823529411764708347,191.176470588235291653
104.0,107.766990291262138462,192.233009708737861538
105.0,106.730769230769233326,193.269230769230766674
106.0,105.714285714285716905,194.285714285714283095
107.0,104.716981132075474335,195.283018867924525665
108.0,103.738317757009348458,196.261682242990651542
109.0,102.777777777777780444,197.222222222222219556
110.0,101.83486238532110362,198.16513761467889638
111.0,100.909090909090911862,199.090909090909088138
112.0,100.000000000000002748,199.999999999999997252
113.0,99.107142857142859924,200.892857142857140076
114.0,98.230088495575224076,201.769911504424775924
115.0,97.36842105263158181,202.63157894736841819
116.0,96.521739130434785494,203.478260869565214506
117.0,95.689655172413796041,204.310344827586203959
118.0,94.871794871794874709,205.128205128205125291
119.0,94.06779661016949448,205.93220338983050552
120.0,93.277310924369750841,206.722689075630249159
121.0,92.500000000000002949,207.499999999999997051
122.0,91.735537190082647588,208.264462809917352412
123.0,90.983606557377052193,209.016393442622947807
124.0,90.243902439024393244,209.756097560975606756
125.0,89.516129032258067498,210.483870967741932502
126.0,88.800000000000002959,211.199999999999997041
127.0,88.095238095238098219,211.904761904761901781
128.0,87.401574803149609263,212.598425196850390737
129.0,86.718750000000002941,213.281249999999997059
130.0,86.046511627906979666,213.953488372093020334
131.0,85.384615384615387542,214.615384615384612458
132.0,84.732824427480919019,215.267175572519080981
133.0,84.09090909090909394,215.90909090909090606
134.0,83.458646616541356393,216.541353383458643607
135.0,82.835820895522391056,217.164179104477608944
136.0,82.222222222222225231,217.777777777777774769
137.0,81.617647058823532418,218.382352941176467582
138.0,81.021897810218981147,218.978102189781018853
139.0,80.43478260869565527,219.56521739130434473
140.0,79.8561151079136722,220.1438848920863278
141.0,79.285714285714288896,220.714285714285711104
142.0,78.72340425531915215,221.27659574468084785
143.0,78.16901408450704549,221.83098591549295451
144.0,77.622377622377625593,222.377622377622374407
145.0,77.083333333333336561,222.916666666666663439
146.0,76.551724137931037691,223.448275862068962309
147.0,76.027397260273975842,223.972602739726024158
148.0,75.51020408163265629,224.48979591836734371
149.0,75.000000000000003265,224.999999999999996735
150.0,74.496644295302016694,225.503355704697983306
151.0,74.0000000000000033,225.9999999999999967
152.0,73.509933774834440419,226.490066225165559581
153.0,73.026315789473687568,226.973684210526312432
154.0,72.549019607843140639,227.450980392156859361
155.0,72.077922077922081321,227.922077922077918679
156.0,71.612903225806455023,228.387096774193544977
157.0,71.153846153846157253,228.846153846153842747
158.0,70.70063694267516267,229.29936305732483733
159.0,70.253164556962028794,229.746835443037971206
160.0,69.811320754716984654,230.188679245283015346
161.0,69.3750000000000035,230.6249999999999965
162.0,68.94409937888199109,231.05590062111800891
163.0,68.518518518518522045,231.481481481481477955
164.0,68.098159509202457509,231.901840490797542491
165.0,67.68292682926829619,232.31707317073170381
166.0,67.272727272727276255,232.727272727272723745
167.0,66.867469879518075842,233.132530120481924158
168.0,66.467065868263476612,233.532934131736523388
169.0,66.071428571428574991,233.928571428571425009
170.0,65.680473372781068661,234.319526627218931339
171.0,65.29411764705882712,234.70588235294117288
172.0,64.912280701754389535,235.087719298245610465
173.0,64.534883720930236109,235.465116279069763891
174.0,64.161849710982662526,235.838150289017337474
175.0,63.793103448275865628,236.206896551724134372
176.0,63.428571428571432129,236.571428571428567871
177.0,63.068181818181821772,236.931818181818178228
178.0,62.711864406779664637,237.288135593220335363
179.0,62.359550561797756449,237.640449438202243551
180.0,62.011173184357545565,237.988826815642454435
181.0,61.666666666666670347,238.333333333333329653
182.0,61.325966850828732984,238.674033149171267016
183.0,60.989010989010992724,239.010989010989007276
184.0,60.655737704918036534,239.344262295081963466
185.0,60.326086956521742868,239.673913043478257132
186.0,60.000000000000003742,239.999999999999996258
187.0,59.677419354838713422,240.322580645161286578
188.0,59.358288770053479693,240.641711229946520307
189.0,59.042553191489365485,240.957446808510634515
190.0,58.730158730158733922,241.269841269841266078
191.0,58.421052631578951119,241.578947368421048881
192.0,58.115183246073302201,241.884816753926697799
193.0,57.812500000000003772,242.187499999999996228
194.0,57.512953367875651442,242.487046632124348558
195.0,57.216494845360828552,242.783505154639171448
196.0,56.923076923076926879,243.076923076923073121
197.0,56.632653061224493614,243.367346938775506386
198.0,56.345177664974623113,243.654822335025376887
199.0,56.060606060606064439,243.939393939393935561
200.0,55.778894472361812888,244.221105527638187112
201.0,55.500000000000003824,244.499999999999996176
202.0,55.223880597014929219,244.776119402985070781
203.0,54.95049504950495435,245.04950495049504565
204.0,54.679802955665028492,245.320197044334971508
205.0,54.411764705882356811,245.588235294117643189
206.0,54.146341463414638046,245.853658536585361954
207.0,53.883495145631071894,246.116504854368928106
208.0,53.623188405797105378,246.376811594202894622
209.0,53.365384615384619332,246.634615384615380668
210.0,53.110047846889956082,246.889952153110043918
211.0,52.857142857142861102,247.142857142857138898
212.0,52.606635071090051348,247.393364928909948652
213.0,52.358490566037739822,247.641509433962260178
214.0,52.112676056338032161,247.887323943661967839
215.0,51.869158878504676884,248.130841121495323116
216.0,51.627906976744190037,248.372093023255809963
217.0,51.388888888888892894,248.611111111111107106
218.0,51.152073732718897998,248.847926267281102002
219.0,50.917431192660554445,249.082568807339445555
220.0,50.68493150684931906,249.31506849315068094
221.0,50.454545454545458542,249.545454545454541458
222.0,50.226244343891406709,249.773755656108593291
223.0,50.000000000000004002,249.999999999999995998
224.0,49.775784753363232685,250.224215246636767315
225.0,49.553571428571432554,250.446428571428567446
226.0,49.333333333333337321,250.666666666666662679
227.0,49.115044247787614635,250.884955752212385365
228.0,48.898678414096920337,251.101321585903079663
229.0,48.684210526315793531,251.315789473684206469
230.0,48.471615720524021547,251.528384279475978453
231.0,48.260869565217395403,251.739130434782604597
232.0,48.05194805194805603,251.94805194805194397
233.0,47.84482758620690066,252.15517241379309934
234.0,47.63948497854077666,252.36051502145922334
235.0,47.435897435897440032,252.564102564102559968
236.0,47.234042553191493489,252.765957446808506511
237.0,47.033898305084749889,252.966101694915250111
238.0,46.835443037974687698,253.164556962025312302
239.0,46.638655462184878113,253.361344537815121887
240.0,46.443514644351468621,253.556485355648531379
241.0,46.2500000000000042,253.7499999999999958
242.0,46.058091286307058164,253.941908713692941836
243.0,45.867768595041326551,254.132231404958673449
244.0,45.679012345679016596,254.320987654320983404
245.0,45.491803278688528866,254.508196721311471134
246.0,45.306122448979596118,254.693877551020403882
247.0,45.121951219512199389,254.878048780487800611
248.0,44.939271255060732995,255.060728744939267005
249.0,44.758064516129036493,255.241935483870963507
250.0,44.578313253012052431,255.421686746987947569